KDE RGB Palette
#
255 255 255 
255 255 255 
255 255 0 
214 214 214 
214 214 214 
223 223 223 
223 223 223 
218 218 218 
218 218 218 
209 209 209 
209 209 209 
196 196 196 
196 196 196 
227 227 227 
227 227 227 
40 40 40 
40 40 40 
20 20 20 
20 20 20 
218 218 218 
218 218 218 
89 89 89 
89 89 89 
76 76 76 
76 76 76 
205 205 205 
205 205 205 
218 218 218 
218 218 218 
196 211 204 
196 211 204 
202 210 211 
202 210 211 
165 165 165 
165 165 165 
218 218 218 
218 218 218 
20 20 20 
20 20 20 
41 41 41 
41 41 41 
82 82 82 
82 82 82 
66 66 66 
66 66 66 
225 225 225 
225 225 225 
255 255 255 
255 255 255 
0 0 0 
0 0 0 
222 222 222 
222 222 222 
210 210 210 
210 210 210 
59 59 59 
59 59 59 
33 33 33 
33 33 33 
0 0 0 
0 0 0 
0 0 0 
0 0 0 
0 0 0 
0 0 0 
213 213 213 
213 213 213 
215 215 215 
215 215 215 
0 59 255 
0 59 255 
255 251 0 
255 251 0 
255 0 4 
255 0 4 
255 255 255 
255 255 255 
50 107 164 
50 107 164 
73 158 255 
73 158 255 
48 113 193 
48 113 193 
45 92 158 
45 92 158 
52 169 189 
52 169 189 
43 126 189 
43 126 189 
56 175 229 
56 175 229 
54 168 220 
54 168 220 
255 255 255 
255 255 255 
231 231 231 
231 231 231 
180 180 180 
180 180 180 
149 149 149 
149 149 149 
131 131 131 
131 131 131 
255 255 255 
255 255 255 
144 144 144 
144 144 144 
31 31 31 
31 31 31 
58 58 58 
58 58 58 
58 58 66 
58 58 66 
58 58 60 
58 58 60 
44 44 44 
44 44 44 
57 57 57 
57 57 57 
68 68 68 
68 68 68 
62 62 62 
62 62 62 
62 62 62 
62 62 62 
62 62 62 
62 62 62 
35 86 123 
35 86 123 
255 255 255 
255 255 255 
61 56 56 
61 56 56 
37 37 37 
37 37 37 
23 23 23 
23 23 23 
33 33 33 
33 33 33 
210 210 210 
210 210 210 
213 213 213 
213 213 213 
255 255 255 
255 255 255 
255 255 255 
255 255 255 
0 0 0 
0 0 0 
65 166 248 
65 166 248 
74 248 47 
74 248 47 
248 248 248 
248 248 248 
161 161 161 
161 161 161 
0 255 0 
0 255 0 
0 255 0 
0 255 0 
144 144 144 
144 144 144 
226 254 255 
226 254 255 
255 255 255 
255 255 255 
39 39 39 
39 39 39 
243 243 243 
243 243 243 
230 230 230 
230 230 230 
19 19 19 
19 19 19 
200 200 200 
200 200 200 
205 205 205 
205 205 205 
209 209 209 
209 209 209 
207 207 207 
207 207 207 
